{
 "cells": [
  {
   "cell_type": "markdown",
   "metadata": {},
   "source": [
    "# NBA Finals Analysis\n",
    "### Brendan Ok\n",
    "#### April 2018"
   ]
  },
  {
   "cell_type": "markdown",
   "metadata": {},
   "source": [
    "## Data Introduction\n"
   ]
  },
  {
   "cell_type": "code",
   "execution_count": 1,
   "metadata": {},
   "outputs": [],
   "source": [
    "import pandas as pd\n",
    "import numpy as np\n",
    "import matplotlib.pyplot as plt\n",
    "import seaborn as sns\n",
    "%matplotlib inline"
   ]
  },
  {
   "cell_type": "code",
   "execution_count": 2,
   "metadata": {},
   "outputs": [],
   "source": [
    "\n",
    "champdata = pd.read_csv('championsdata.csv')\n",
    "loserdata = pd.read_csv('runnerupsdata.csv') #No second place trophies in the NBA\n"
   ]
  },
  {
   "cell_type": "markdown",
   "metadata": {},
   "source": [
    "## Data Manipulation\n",
    "#### The data was separated by winner and loser of each NBA finals since 1980. I consolidated everything into one big dataframe to analyze. "
   ]
  },
  {
   "cell_type": "code",
   "execution_count": 3,
   "metadata": {},
   "outputs": [
    {
     "data": {
      "text/html": [
       "<div>\n",
       "<style scoped>\n",
       "    .dataframe tbody tr th:only-of-type {\n",
       "        vertical-align: middle;\n",
       "    }\n",
       "\n",
       "    .dataframe tbody tr th {\n",
       "        vertical-align: top;\n",
       "    }\n",
       "\n",
       "    .dataframe thead th {\n",
       "        text-align: right;\n",
       "    }\n",
       "</style>\n",
       "<table border=\"1\" class=\"dataframe\">\n",
       "  <thead>\n",
       "    <tr style=\"text-align: right;\">\n",
       "      <th></th>\n",
       "      <th>AST</th>\n",
       "      <th>BLK</th>\n",
       "      <th>DRB</th>\n",
       "      <th>FG</th>\n",
       "      <th>FGA</th>\n",
       "      <th>FGP</th>\n",
       "      <th>FT</th>\n",
       "      <th>FTA</th>\n",
       "      <th>FTP</th>\n",
       "      <th>Game</th>\n",
       "      <th>...</th>\n",
       "      <th>TOV</th>\n",
       "      <th>TP</th>\n",
       "      <th>TPA</th>\n",
       "      <th>TPP</th>\n",
       "      <th>TRB</th>\n",
       "      <th>Team</th>\n",
       "      <th>Win</th>\n",
       "      <th>X</th>\n",
       "      <th>Y</th>\n",
       "      <th>Year</th>\n",
       "    </tr>\n",
       "  </thead>\n",
       "  <tbody>\n",
       "    <tr>\n",
       "      <th>0</th>\n",
       "      <td>30</td>\n",
       "      <td>9</td>\n",
       "      <td>31</td>\n",
       "      <td>48</td>\n",
       "      <td>89</td>\n",
       "      <td>0.539</td>\n",
       "      <td>13</td>\n",
       "      <td>15</td>\n",
       "      <td>0.867</td>\n",
       "      <td>1</td>\n",
       "      <td>...</td>\n",
       "      <td>17</td>\n",
       "      <td>0</td>\n",
       "      <td>0</td>\n",
       "      <td>NaN</td>\n",
       "      <td>43</td>\n",
       "      <td>Lakers</td>\n",
       "      <td>1</td>\n",
       "      <td>1</td>\n",
       "      <td>NaN</td>\n",
       "      <td>1980</td>\n",
       "    </tr>\n",
       "    <tr>\n",
       "      <th>1</th>\n",
       "      <td>32</td>\n",
       "      <td>7</td>\n",
       "      <td>37</td>\n",
       "      <td>48</td>\n",
       "      <td>95</td>\n",
       "      <td>0.505</td>\n",
       "      <td>8</td>\n",
       "      <td>12</td>\n",
       "      <td>0.667</td>\n",
       "      <td>2</td>\n",
       "      <td>...</td>\n",
       "      <td>26</td>\n",
       "      <td>0</td>\n",
       "      <td>1</td>\n",
       "      <td>0.0</td>\n",
       "      <td>52</td>\n",
       "      <td>Lakers</td>\n",
       "      <td>0</td>\n",
       "      <td>2</td>\n",
       "      <td>NaN</td>\n",
       "      <td>1980</td>\n",
       "    </tr>\n",
       "    <tr>\n",
       "      <th>2</th>\n",
       "      <td>20</td>\n",
       "      <td>5</td>\n",
       "      <td>34</td>\n",
       "      <td>44</td>\n",
       "      <td>92</td>\n",
       "      <td>0.478</td>\n",
       "      <td>23</td>\n",
       "      <td>30</td>\n",
       "      <td>0.767</td>\n",
       "      <td>3</td>\n",
       "      <td>...</td>\n",
       "      <td>20</td>\n",
       "      <td>0</td>\n",
       "      <td>1</td>\n",
       "      <td>0.0</td>\n",
       "      <td>56</td>\n",
       "      <td>Lakers</td>\n",
       "      <td>1</td>\n",
       "      <td>3</td>\n",
       "      <td>NaN</td>\n",
       "      <td>1980</td>\n",
       "    </tr>\n",
       "    <tr>\n",
       "      <th>3</th>\n",
       "      <td>23</td>\n",
       "      <td>6</td>\n",
       "      <td>31</td>\n",
       "      <td>44</td>\n",
       "      <td>93</td>\n",
       "      <td>0.473</td>\n",
       "      <td>14</td>\n",
       "      <td>19</td>\n",
       "      <td>0.737</td>\n",
       "      <td>4</td>\n",
       "      <td>...</td>\n",
       "      <td>19</td>\n",
       "      <td>0</td>\n",
       "      <td>0</td>\n",
       "      <td>NaN</td>\n",
       "      <td>49</td>\n",
       "      <td>Lakers</td>\n",
       "      <td>0</td>\n",
       "      <td>4</td>\n",
       "      <td>NaN</td>\n",
       "      <td>1980</td>\n",
       "    </tr>\n",
       "    <tr>\n",
       "      <th>4</th>\n",
       "      <td>28</td>\n",
       "      <td>6</td>\n",
       "      <td>37</td>\n",
       "      <td>41</td>\n",
       "      <td>91</td>\n",
       "      <td>0.451</td>\n",
       "      <td>26</td>\n",
       "      <td>33</td>\n",
       "      <td>0.788</td>\n",
       "      <td>5</td>\n",
       "      <td>...</td>\n",
       "      <td>21</td>\n",
       "      <td>0</td>\n",
       "      <td>0</td>\n",
       "      <td>NaN</td>\n",
       "      <td>56</td>\n",
       "      <td>Lakers</td>\n",
       "      <td>1</td>\n",
       "      <td>5</td>\n",
       "      <td>NaN</td>\n",
       "      <td>1980</td>\n",
       "    </tr>\n",
       "  </tbody>\n",
       "</table>\n",
       "<p>5 rows × 26 columns</p>\n",
       "</div>"
      ],
      "text/plain": [
       "   AST  BLK  DRB  FG  FGA    FGP  FT  FTA    FTP  Game  ...   TOV  TP  TPA  \\\n",
       "0   30    9   31  48   89  0.539  13   15  0.867     1  ...    17   0    0   \n",
       "1   32    7   37  48   95  0.505   8   12  0.667     2  ...    26   0    1   \n",
       "2   20    5   34  44   92  0.478  23   30  0.767     3  ...    20   0    1   \n",
       "3   23    6   31  44   93  0.473  14   19  0.737     4  ...    19   0    0   \n",
       "4   28    6   37  41   91  0.451  26   33  0.788     5  ...    21   0    0   \n",
       "\n",
       "   TPP  TRB    Team  Win  X   Y  Year  \n",
       "0  NaN   43  Lakers    1  1 NaN  1980  \n",
       "1  0.0   52  Lakers    0  2 NaN  1980  \n",
       "2  0.0   56  Lakers    1  3 NaN  1980  \n",
       "3  NaN   49  Lakers    0  4 NaN  1980  \n",
       "4  NaN   56  Lakers    1  5 NaN  1980  \n",
       "\n",
       "[5 rows x 26 columns]"
      ]
     },
     "execution_count": 3,
     "metadata": {},
     "output_type": "execute_result"
    }
   ],
   "source": [
    "champwins = champdata[champdata.Win != 0]\n",
    "loserwins = loserdata[loserdata.Win != 0]\n",
    "champlosses = champdata[champdata.Win == 0]\n",
    "loserlosses = loserdata[loserdata.Win == 0]\n",
    "total = [champdata,loserdata]\n",
    "totaldata = pd.concat(total, ignore_index=True)\n",
    "totaldata.to_csv('total_data.csv')\n",
    "totaldata.head()"
   ]
  },
  {
   "cell_type": "code",
   "execution_count": 4,
   "metadata": {},
   "outputs": [
    {
     "data": {
      "text/html": [
       "<div>\n",
       "<style scoped>\n",
       "    .dataframe tbody tr th:only-of-type {\n",
       "        vertical-align: middle;\n",
       "    }\n",
       "\n",
       "    .dataframe tbody tr th {\n",
       "        vertical-align: top;\n",
       "    }\n",
       "\n",
       "    .dataframe thead th {\n",
       "        text-align: right;\n",
       "    }\n",
       "</style>\n",
       "<table border=\"1\" class=\"dataframe\">\n",
       "  <thead>\n",
       "    <tr style=\"text-align: right;\">\n",
       "      <th></th>\n",
       "      <th>AST</th>\n",
       "      <th>BLK</th>\n",
       "      <th>DRB</th>\n",
       "      <th>FG</th>\n",
       "      <th>FGA</th>\n",
       "      <th>FGP</th>\n",
       "      <th>FT</th>\n",
       "      <th>FTA</th>\n",
       "      <th>FTP</th>\n",
       "      <th>Game</th>\n",
       "      <th>...</th>\n",
       "      <th>PTS</th>\n",
       "      <th>STL</th>\n",
       "      <th>TOV</th>\n",
       "      <th>TP</th>\n",
       "      <th>TPA</th>\n",
       "      <th>TPP</th>\n",
       "      <th>TRB</th>\n",
       "      <th>Win</th>\n",
       "      <th>Y</th>\n",
       "      <th>Year</th>\n",
       "    </tr>\n",
       "  </thead>\n",
       "  <tbody>\n",
       "    <tr>\n",
       "      <th>AST</th>\n",
       "      <td>1.000000</td>\n",
       "      <td>0.194001</td>\n",
       "      <td>0.123821</td>\n",
       "      <td>0.749641</td>\n",
       "      <td>0.454247</td>\n",
       "      <td>0.590824</td>\n",
       "      <td>0.029499</td>\n",
       "      <td>0.037604</td>\n",
       "      <td>-0.031971</td>\n",
       "      <td>-0.054542</td>\n",
       "      <td>...</td>\n",
       "      <td>0.683006</td>\n",
       "      <td>0.196441</td>\n",
       "      <td>0.077022</td>\n",
       "      <td>-0.102623</td>\n",
       "      <td>-0.276748</td>\n",
       "      <td>0.097600</td>\n",
       "      <td>0.185989</td>\n",
       "      <td>0.251406</td>\n",
       "      <td>-0.487318</td>\n",
       "      <td>-0.445081</td>\n",
       "    </tr>\n",
       "    <tr>\n",
       "      <th>BLK</th>\n",
       "      <td>0.194001</td>\n",
       "      <td>1.000000</td>\n",
       "      <td>0.219700</td>\n",
       "      <td>0.179765</td>\n",
       "      <td>0.159638</td>\n",
       "      <td>0.089639</td>\n",
       "      <td>-0.007369</td>\n",
       "      <td>0.006419</td>\n",
       "      <td>-0.039534</td>\n",
       "      <td>-0.066202</td>\n",
       "      <td>...</td>\n",
       "      <td>0.119094</td>\n",
       "      <td>0.064297</td>\n",
       "      <td>0.161285</td>\n",
       "      <td>-0.153957</td>\n",
       "      <td>-0.188842</td>\n",
       "      <td>-0.031475</td>\n",
       "      <td>0.252737</td>\n",
       "      <td>0.126298</td>\n",
       "      <td>-0.274307</td>\n",
       "      <td>-0.183798</td>\n",
       "    </tr>\n",
       "    <tr>\n",
       "      <th>DRB</th>\n",
       "      <td>0.123821</td>\n",
       "      <td>0.219700</td>\n",
       "      <td>1.000000</td>\n",
       "      <td>0.096221</td>\n",
       "      <td>0.070674</td>\n",
       "      <td>0.059490</td>\n",
       "      <td>0.110691</td>\n",
       "      <td>0.125358</td>\n",
       "      <td>-0.007417</td>\n",
       "      <td>-0.055717</td>\n",
       "      <td>...</td>\n",
       "      <td>0.182796</td>\n",
       "      <td>-0.089343</td>\n",
       "      <td>0.048353</td>\n",
       "      <td>0.137214</td>\n",
       "      <td>0.123773</td>\n",
       "      <td>0.033176</td>\n",
       "      <td>0.698958</td>\n",
       "      <td>0.381625</td>\n",
       "      <td>0.183821</td>\n",
       "      <td>0.151810</td>\n",
       "    </tr>\n",
       "    <tr>\n",
       "      <th>FG</th>\n",
       "      <td>0.749641</td>\n",
       "      <td>0.179765</td>\n",
       "      <td>0.096221</td>\n",
       "      <td>1.000000</td>\n",
       "      <td>0.665348</td>\n",
       "      <td>0.742642</td>\n",
       "      <td>-0.069200</td>\n",
       "      <td>-0.068486</td>\n",
       "      <td>-0.018330</td>\n",
       "      <td>-0.082516</td>\n",
       "      <td>...</td>\n",
       "      <td>0.854854</td>\n",
       "      <td>0.238974</td>\n",
       "      <td>0.044527</td>\n",
       "      <td>-0.151479</td>\n",
       "      <td>-0.317634</td>\n",
       "      <td>0.084460</td>\n",
       "      <td>0.223357</td>\n",
       "      <td>0.268474</td>\n",
       "      <td>-0.400410</td>\n",
       "      <td>-0.411575</td>\n",
       "    </tr>\n",
       "    <tr>\n",
       "      <th>FGA</th>\n",
       "      <td>0.454247</td>\n",
       "      <td>0.159638</td>\n",
       "      <td>0.070674</td>\n",
       "      <td>0.665348</td>\n",
       "      <td>1.000000</td>\n",
       "      <td>0.001000</td>\n",
       "      <td>-0.146139</td>\n",
       "      <td>-0.150414</td>\n",
       "      <td>-0.038281</td>\n",
       "      <td>-0.073518</td>\n",
       "      <td>...</td>\n",
       "      <td>0.494550</td>\n",
       "      <td>0.259208</td>\n",
       "      <td>-0.052962</td>\n",
       "      <td>-0.190765</td>\n",
       "      <td>-0.200009</td>\n",
       "      <td>-0.111257</td>\n",
       "      <td>0.489392</td>\n",
       "      <td>-0.059171</td>\n",
       "      <td>-0.355900</td>\n",
       "      <td>-0.364788</td>\n",
       "    </tr>\n",
       "    <tr>\n",
       "      <th>FGP</th>\n",
       "      <td>0.590824</td>\n",
       "      <td>0.089639</td>\n",
       "      <td>0.059490</td>\n",
       "      <td>0.742642</td>\n",
       "      <td>0.001000</td>\n",
       "      <td>1.000000</td>\n",
       "      <td>0.039247</td>\n",
       "      <td>0.039998</td>\n",
       "      <td>0.018193</td>\n",
       "      <td>-0.040828</td>\n",
       "      <td>...</td>\n",
       "      <td>0.704453</td>\n",
       "      <td>0.091934</td>\n",
       "      <td>0.100550</td>\n",
       "      <td>-0.022831</td>\n",
       "      <td>-0.238170</td>\n",
       "      <td>0.214053</td>\n",
       "      <td>-0.139971</td>\n",
       "      <td>0.415639</td>\n",
       "      <td>-0.211544</td>\n",
       "      <td>-0.214627</td>\n",
       "    </tr>\n",
       "    <tr>\n",
       "      <th>FT</th>\n",
       "      <td>0.029499</td>\n",
       "      <td>-0.007369</td>\n",
       "      <td>0.110691</td>\n",
       "      <td>-0.069200</td>\n",
       "      <td>-0.146139</td>\n",
       "      <td>0.039247</td>\n",
       "      <td>1.000000</td>\n",
       "      <td>0.926574</td>\n",
       "      <td>0.353332</td>\n",
       "      <td>0.094813</td>\n",
       "      <td>...</td>\n",
       "      <td>0.373248</td>\n",
       "      <td>-0.051407</td>\n",
       "      <td>-0.013607</td>\n",
       "      <td>-0.141299</td>\n",
       "      <td>-0.181846</td>\n",
       "      <td>-0.011878</td>\n",
       "      <td>0.103799</td>\n",
       "      <td>0.216592</td>\n",
       "      <td>-0.227769</td>\n",
       "      <td>-0.183993</td>\n",
       "    </tr>\n",
       "    <tr>\n",
       "      <th>FTA</th>\n",
       "      <td>0.037604</td>\n",
       "      <td>0.006419</td>\n",
       "      <td>0.125358</td>\n",
       "      <td>-0.068486</td>\n",
       "      <td>-0.150414</td>\n",
       "      <td>0.039998</td>\n",
       "      <td>0.926574</td>\n",
       "      <td>1.000000</td>\n",
       "      <td>-0.002128</td>\n",
       "      <td>0.089416</td>\n",
       "      <td>...</td>\n",
       "      <td>0.340540</td>\n",
       "      <td>-0.055700</td>\n",
       "      <td>-0.001706</td>\n",
       "      <td>-0.135138</td>\n",
       "      <td>-0.175234</td>\n",
       "      <td>0.013401</td>\n",
       "      <td>0.127991</td>\n",
       "      <td>0.200944</td>\n",
       "      <td>-0.229065</td>\n",
       "      <td>-0.178342</td>\n",
       "    </tr>\n",
       "    <tr>\n",
       "      <th>FTP</th>\n",
       "      <td>-0.031971</td>\n",
       "      <td>-0.039534</td>\n",
       "      <td>-0.007417</td>\n",
       "      <td>-0.018330</td>\n",
       "      <td>-0.038281</td>\n",
       "      <td>0.018193</td>\n",
       "      <td>0.353332</td>\n",
       "      <td>-0.002128</td>\n",
       "      <td>1.000000</td>\n",
       "      <td>0.023081</td>\n",
       "      <td>...</td>\n",
       "      <td>0.141767</td>\n",
       "      <td>0.005307</td>\n",
       "      <td>-0.053031</td>\n",
       "      <td>-0.035612</td>\n",
       "      <td>-0.046167</td>\n",
       "      <td>-0.040988</td>\n",
       "      <td>-0.054430</td>\n",
       "      <td>0.102181</td>\n",
       "      <td>-0.000999</td>\n",
       "      <td>-0.015968</td>\n",
       "    </tr>\n",
       "    <tr>\n",
       "      <th>Game</th>\n",
       "      <td>-0.054542</td>\n",
       "      <td>-0.066202</td>\n",
       "      <td>-0.055717</td>\n",
       "      <td>-0.082516</td>\n",
       "      <td>-0.073518</td>\n",
       "      <td>-0.040828</td>\n",
       "      <td>0.094813</td>\n",
       "      <td>0.089416</td>\n",
       "      <td>0.023081</td>\n",
       "      <td>1.000000</td>\n",
       "      <td>...</td>\n",
       "      <td>-0.021135</td>\n",
       "      <td>-0.044331</td>\n",
       "      <td>-0.046685</td>\n",
       "      <td>0.035516</td>\n",
       "      <td>0.051502</td>\n",
       "      <td>-0.044009</td>\n",
       "      <td>-0.032042</td>\n",
       "      <td>0.003779</td>\n",
       "      <td>0.028923</td>\n",
       "      <td>0.003119</td>\n",
       "    </tr>\n",
       "    <tr>\n",
       "      <th>Home</th>\n",
       "      <td>0.189812</td>\n",
       "      <td>0.099194</td>\n",
       "      <td>0.207070</td>\n",
       "      <td>0.140981</td>\n",
       "      <td>0.035463</td>\n",
       "      <td>0.156606</td>\n",
       "      <td>0.082948</td>\n",
       "      <td>0.081809</td>\n",
       "      <td>0.033906</td>\n",
       "      <td>-0.005336</td>\n",
       "      <td>...</td>\n",
       "      <td>0.173879</td>\n",
       "      <td>-0.019401</td>\n",
       "      <td>-0.022218</td>\n",
       "      <td>0.009303</td>\n",
       "      <td>0.001984</td>\n",
       "      <td>-0.025089</td>\n",
       "      <td>0.216288</td>\n",
       "      <td>0.217595</td>\n",
       "      <td>-0.011806</td>\n",
       "      <td>0.001462</td>\n",
       "    </tr>\n",
       "    <tr>\n",
       "      <th>MP</th>\n",
       "      <td>0.010790</td>\n",
       "      <td>0.039581</td>\n",
       "      <td>0.062195</td>\n",
       "      <td>0.088446</td>\n",
       "      <td>0.157794</td>\n",
       "      <td>-0.015785</td>\n",
       "      <td>-0.018073</td>\n",
       "      <td>0.003327</td>\n",
       "      <td>-0.047616</td>\n",
       "      <td>-0.055485</td>\n",
       "      <td>...</td>\n",
       "      <td>0.093587</td>\n",
       "      <td>0.075192</td>\n",
       "      <td>0.064831</td>\n",
       "      <td>0.067773</td>\n",
       "      <td>0.062245</td>\n",
       "      <td>0.049804</td>\n",
       "      <td>0.056448</td>\n",
       "      <td>-0.044467</td>\n",
       "      <td>0.070542</td>\n",
       "      <td>0.053597</td>\n",
       "    </tr>\n",
       "    <tr>\n",
       "      <th>ORB</th>\n",
       "      <td>0.130279</td>\n",
       "      <td>0.123364</td>\n",
       "      <td>-0.068221</td>\n",
       "      <td>0.211203</td>\n",
       "      <td>0.608980</td>\n",
       "      <td>-0.257328</td>\n",
       "      <td>0.029319</td>\n",
       "      <td>0.047768</td>\n",
       "      <td>-0.068193</td>\n",
       "      <td>0.013429</td>\n",
       "      <td>...</td>\n",
       "      <td>0.123894</td>\n",
       "      <td>0.114753</td>\n",
       "      <td>0.127087</td>\n",
       "      <td>-0.298058</td>\n",
       "      <td>-0.272697</td>\n",
       "      <td>-0.218105</td>\n",
       "      <td>0.665813</td>\n",
       "      <td>-0.010579</td>\n",
       "      <td>-0.332521</td>\n",
       "      <td>-0.342635</td>\n",
       "    </tr>\n",
       "    <tr>\n",
       "      <th>PF</th>\n",
       "      <td>0.068607</td>\n",
       "      <td>-0.071543</td>\n",
       "      <td>-0.122736</td>\n",
       "      <td>0.119610</td>\n",
       "      <td>0.197909</td>\n",
       "      <td>-0.010447</td>\n",
       "      <td>0.198620</td>\n",
       "      <td>0.208112</td>\n",
       "      <td>-0.022257</td>\n",
       "      <td>0.104363</td>\n",
       "      <td>...</td>\n",
       "      <td>0.159285</td>\n",
       "      <td>-0.041195</td>\n",
       "      <td>0.135593</td>\n",
       "      <td>-0.162188</td>\n",
       "      <td>-0.135412</td>\n",
       "      <td>-0.053758</td>\n",
       "      <td>-0.009024</td>\n",
       "      <td>-0.239159</td>\n",
       "      <td>-0.189044</td>\n",
       "      <td>-0.217204</td>\n",
       "    </tr>\n",
       "    <tr>\n",
       "      <th>PTS</th>\n",
       "      <td>0.683006</td>\n",
       "      <td>0.119094</td>\n",
       "      <td>0.182796</td>\n",
       "      <td>0.854854</td>\n",
       "      <td>0.494550</td>\n",
       "      <td>0.704453</td>\n",
       "      <td>0.373248</td>\n",
       "      <td>0.340540</td>\n",
       "      <td>0.141767</td>\n",
       "      <td>-0.021135</td>\n",
       "      <td>...</td>\n",
       "      <td>1.000000</td>\n",
       "      <td>0.171544</td>\n",
       "      <td>-0.013696</td>\n",
       "      <td>0.083131</td>\n",
       "      <td>-0.125393</td>\n",
       "      <td>0.233379</td>\n",
       "      <td>0.225517</td>\n",
       "      <td>0.377449</td>\n",
       "      <td>-0.269616</td>\n",
       "      <td>-0.261308</td>\n",
       "    </tr>\n",
       "    <tr>\n",
       "      <th>STL</th>\n",
       "      <td>0.196441</td>\n",
       "      <td>0.064297</td>\n",
       "      <td>-0.089343</td>\n",
       "      <td>0.238974</td>\n",
       "      <td>0.259208</td>\n",
       "      <td>0.091934</td>\n",
       "      <td>-0.051407</td>\n",
       "      <td>-0.055700</td>\n",
       "      <td>0.005307</td>\n",
       "      <td>-0.044331</td>\n",
       "      <td>...</td>\n",
       "      <td>0.171544</td>\n",
       "      <td>1.000000</td>\n",
       "      <td>0.061166</td>\n",
       "      <td>-0.091129</td>\n",
       "      <td>-0.114863</td>\n",
       "      <td>-0.003264</td>\n",
       "      <td>0.015442</td>\n",
       "      <td>0.140070</td>\n",
       "      <td>-0.101325</td>\n",
       "      <td>-0.103279</td>\n",
       "    </tr>\n",
       "    <tr>\n",
       "      <th>TOV</th>\n",
       "      <td>0.077022</td>\n",
       "      <td>0.161285</td>\n",
       "      <td>0.048353</td>\n",
       "      <td>0.044527</td>\n",
       "      <td>-0.052962</td>\n",
       "      <td>0.100550</td>\n",
       "      <td>-0.013607</td>\n",
       "      <td>-0.001706</td>\n",
       "      <td>-0.053031</td>\n",
       "      <td>-0.046685</td>\n",
       "      <td>...</td>\n",
       "      <td>-0.013696</td>\n",
       "      <td>0.061166</td>\n",
       "      <td>1.000000</td>\n",
       "      <td>-0.166718</td>\n",
       "      <td>-0.193723</td>\n",
       "      <td>-0.115636</td>\n",
       "      <td>0.127262</td>\n",
       "      <td>-0.163050</td>\n",
       "      <td>-0.224798</td>\n",
       "      <td>-0.246391</td>\n",
       "    </tr>\n",
       "    <tr>\n",
       "      <th>TP</th>\n",
       "      <td>-0.102623</td>\n",
       "      <td>-0.153957</td>\n",
       "      <td>0.137214</td>\n",
       "      <td>-0.151479</td>\n",
       "      <td>-0.190765</td>\n",
       "      <td>-0.022831</td>\n",
       "      <td>-0.141299</td>\n",
       "      <td>-0.135138</td>\n",
       "      <td>-0.035612</td>\n",
       "      <td>0.035516</td>\n",
       "      <td>...</td>\n",
       "      <td>0.083131</td>\n",
       "      <td>-0.091129</td>\n",
       "      <td>-0.166718</td>\n",
       "      <td>1.000000</td>\n",
       "      <td>0.882875</td>\n",
       "      <td>0.548870</td>\n",
       "      <td>-0.111041</td>\n",
       "      <td>0.080177</td>\n",
       "      <td>0.695314</td>\n",
       "      <td>0.720865</td>\n",
       "    </tr>\n",
       "    <tr>\n",
       "      <th>TPA</th>\n",
       "      <td>-0.276748</td>\n",
       "      <td>-0.188842</td>\n",
       "      <td>0.123773</td>\n",
       "      <td>-0.317634</td>\n",
       "      <td>-0.200009</td>\n",
       "      <td>-0.238170</td>\n",
       "      <td>-0.181846</td>\n",
       "      <td>-0.175234</td>\n",
       "      <td>-0.046167</td>\n",
       "      <td>0.051502</td>\n",
       "      <td>...</td>\n",
       "      <td>-0.125393</td>\n",
       "      <td>-0.114863</td>\n",
       "      <td>-0.193723</td>\n",
       "      <td>0.882875</td>\n",
       "      <td>1.000000</td>\n",
       "      <td>0.249386</td>\n",
       "      <td>-0.102914</td>\n",
       "      <td>-0.083709</td>\n",
       "      <td>0.812877</td>\n",
       "      <td>0.812694</td>\n",
       "    </tr>\n",
       "    <tr>\n",
       "      <th>TPP</th>\n",
       "      <td>0.097600</td>\n",
       "      <td>-0.031475</td>\n",
       "      <td>0.033176</td>\n",
       "      <td>0.084460</td>\n",
       "      <td>-0.111257</td>\n",
       "      <td>0.214053</td>\n",
       "      <td>-0.011878</td>\n",
       "      <td>0.013401</td>\n",
       "      <td>-0.040988</td>\n",
       "      <td>-0.044009</td>\n",
       "      <td>...</td>\n",
       "      <td>0.233379</td>\n",
       "      <td>-0.003264</td>\n",
       "      <td>-0.115636</td>\n",
       "      <td>0.548870</td>\n",
       "      <td>0.249386</td>\n",
       "      <td>1.000000</td>\n",
       "      <td>-0.131664</td>\n",
       "      <td>0.236473</td>\n",
       "      <td>0.185846</td>\n",
       "      <td>0.232614</td>\n",
       "    </tr>\n",
       "    <tr>\n",
       "      <th>TRB</th>\n",
       "      <td>0.185989</td>\n",
       "      <td>0.252737</td>\n",
       "      <td>0.698958</td>\n",
       "      <td>0.223357</td>\n",
       "      <td>0.489392</td>\n",
       "      <td>-0.139971</td>\n",
       "      <td>0.103799</td>\n",
       "      <td>0.127991</td>\n",
       "      <td>-0.054430</td>\n",
       "      <td>-0.032042</td>\n",
       "      <td>...</td>\n",
       "      <td>0.225517</td>\n",
       "      <td>0.015442</td>\n",
       "      <td>0.127262</td>\n",
       "      <td>-0.111041</td>\n",
       "      <td>-0.102914</td>\n",
       "      <td>-0.131664</td>\n",
       "      <td>1.000000</td>\n",
       "      <td>0.277819</td>\n",
       "      <td>-0.110619</td>\n",
       "      <td>-0.132079</td>\n",
       "    </tr>\n",
       "    <tr>\n",
       "      <th>Win</th>\n",
       "      <td>0.251406</td>\n",
       "      <td>0.126298</td>\n",
       "      <td>0.381625</td>\n",
       "      <td>0.268474</td>\n",
       "      <td>-0.059171</td>\n",
       "      <td>0.415639</td>\n",
       "      <td>0.216592</td>\n",
       "      <td>0.200944</td>\n",
       "      <td>0.102181</td>\n",
       "      <td>0.003779</td>\n",
       "      <td>...</td>\n",
       "      <td>0.377449</td>\n",
       "      <td>0.140070</td>\n",
       "      <td>-0.163050</td>\n",
       "      <td>0.080177</td>\n",
       "      <td>-0.083709</td>\n",
       "      <td>0.236473</td>\n",
       "      <td>0.277819</td>\n",
       "      <td>1.000000</td>\n",
       "      <td>0.011026</td>\n",
       "      <td>0.006270</td>\n",
       "    </tr>\n",
       "    <tr>\n",
       "      <th>Y</th>\n",
       "      <td>-0.487318</td>\n",
       "      <td>-0.274307</td>\n",
       "      <td>0.183821</td>\n",
       "      <td>-0.400410</td>\n",
       "      <td>-0.355900</td>\n",
       "      <td>-0.211544</td>\n",
       "      <td>-0.227769</td>\n",
       "      <td>-0.229065</td>\n",
       "      <td>-0.000999</td>\n",
       "      <td>0.028923</td>\n",
       "      <td>...</td>\n",
       "      <td>-0.269616</td>\n",
       "      <td>-0.101325</td>\n",
       "      <td>-0.224798</td>\n",
       "      <td>0.695314</td>\n",
       "      <td>0.812877</td>\n",
       "      <td>0.185846</td>\n",
       "      <td>-0.110619</td>\n",
       "      <td>0.011026</td>\n",
       "      <td>1.000000</td>\n",
       "      <td>0.999548</td>\n",
       "    </tr>\n",
       "    <tr>\n",
       "      <th>Year</th>\n",
       "      <td>-0.445081</td>\n",
       "      <td>-0.183798</td>\n",
       "      <td>0.151810</td>\n",
       "      <td>-0.411575</td>\n",
       "      <td>-0.364788</td>\n",
       "      <td>-0.214627</td>\n",
       "      <td>-0.183993</td>\n",
       "      <td>-0.178342</td>\n",
       "      <td>-0.015968</td>\n",
       "      <td>0.003119</td>\n",
       "      <td>...</td>\n",
       "      <td>-0.261308</td>\n",
       "      <td>-0.103279</td>\n",
       "      <td>-0.246391</td>\n",
       "      <td>0.720865</td>\n",
       "      <td>0.812694</td>\n",
       "      <td>0.232614</td>\n",
       "      <td>-0.132079</td>\n",
       "      <td>0.006270</td>\n",
       "      <td>0.999548</td>\n",
       "      <td>1.000000</td>\n",
       "    </tr>\n",
       "  </tbody>\n",
       "</table>\n",
       "<p>24 rows × 24 columns</p>\n",
       "</div>"
      ],
      "text/plain": [
       "           AST       BLK       DRB        FG       FGA       FGP        FT  \\\n",
       "AST   1.000000  0.194001  0.123821  0.749641  0.454247  0.590824  0.029499   \n",
       "BLK   0.194001  1.000000  0.219700  0.179765  0.159638  0.089639 -0.007369   \n",
       "DRB   0.123821  0.219700  1.000000  0.096221  0.070674  0.059490  0.110691   \n",
       "FG    0.749641  0.179765  0.096221  1.000000  0.665348  0.742642 -0.069200   \n",
       "FGA   0.454247  0.159638  0.070674  0.665348  1.000000  0.001000 -0.146139   \n",
       "FGP   0.590824  0.089639  0.059490  0.742642  0.001000  1.000000  0.039247   \n",
       "FT    0.029499 -0.007369  0.110691 -0.069200 -0.146139  0.039247  1.000000   \n",
       "FTA   0.037604  0.006419  0.125358 -0.068486 -0.150414  0.039998  0.926574   \n",
       "FTP  -0.031971 -0.039534 -0.007417 -0.018330 -0.038281  0.018193  0.353332   \n",
       "Game -0.054542 -0.066202 -0.055717 -0.082516 -0.073518 -0.040828  0.094813   \n",
       "Home  0.189812  0.099194  0.207070  0.140981  0.035463  0.156606  0.082948   \n",
       "MP    0.010790  0.039581  0.062195  0.088446  0.157794 -0.015785 -0.018073   \n",
       "ORB   0.130279  0.123364 -0.068221  0.211203  0.608980 -0.257328  0.029319   \n",
       "PF    0.068607 -0.071543 -0.122736  0.119610  0.197909 -0.010447  0.198620   \n",
       "PTS   0.683006  0.119094  0.182796  0.854854  0.494550  0.704453  0.373248   \n",
       "STL   0.196441  0.064297 -0.089343  0.238974  0.259208  0.091934 -0.051407   \n",
       "TOV   0.077022  0.161285  0.048353  0.044527 -0.052962  0.100550 -0.013607   \n",
       "TP   -0.102623 -0.153957  0.137214 -0.151479 -0.190765 -0.022831 -0.141299   \n",
       "TPA  -0.276748 -0.188842  0.123773 -0.317634 -0.200009 -0.238170 -0.181846   \n",
       "TPP   0.097600 -0.031475  0.033176  0.084460 -0.111257  0.214053 -0.011878   \n",
       "TRB   0.185989  0.252737  0.698958  0.223357  0.489392 -0.139971  0.103799   \n",
       "Win   0.251406  0.126298  0.381625  0.268474 -0.059171  0.415639  0.216592   \n",
       "Y    -0.487318 -0.274307  0.183821 -0.400410 -0.355900 -0.211544 -0.227769   \n",
       "Year -0.445081 -0.183798  0.151810 -0.411575 -0.364788 -0.214627 -0.183993   \n",
       "\n",
       "           FTA       FTP      Game    ...          PTS       STL       TOV  \\\n",
       "AST   0.037604 -0.031971 -0.054542    ...     0.683006  0.196441  0.077022   \n",
       "BLK   0.006419 -0.039534 -0.066202    ...     0.119094  0.064297  0.161285   \n",
       "DRB   0.125358 -0.007417 -0.055717    ...     0.182796 -0.089343  0.048353   \n",
       "FG   -0.068486 -0.018330 -0.082516    ...     0.854854  0.238974  0.044527   \n",
       "FGA  -0.150414 -0.038281 -0.073518    ...     0.494550  0.259208 -0.052962   \n",
       "FGP   0.039998  0.018193 -0.040828    ...     0.704453  0.091934  0.100550   \n",
       "FT    0.926574  0.353332  0.094813    ...     0.373248 -0.051407 -0.013607   \n",
       "FTA   1.000000 -0.002128  0.089416    ...     0.340540 -0.055700 -0.001706   \n",
       "FTP  -0.002128  1.000000  0.023081    ...     0.141767  0.005307 -0.053031   \n",
       "Game  0.089416  0.023081  1.000000    ...    -0.021135 -0.044331 -0.046685   \n",
       "Home  0.081809  0.033906 -0.005336    ...     0.173879 -0.019401 -0.022218   \n",
       "MP    0.003327 -0.047616 -0.055485    ...     0.093587  0.075192  0.064831   \n",
       "ORB   0.047768 -0.068193  0.013429    ...     0.123894  0.114753  0.127087   \n",
       "PF    0.208112 -0.022257  0.104363    ...     0.159285 -0.041195  0.135593   \n",
       "PTS   0.340540  0.141767 -0.021135    ...     1.000000  0.171544 -0.013696   \n",
       "STL  -0.055700  0.005307 -0.044331    ...     0.171544  1.000000  0.061166   \n",
       "TOV  -0.001706 -0.053031 -0.046685    ...    -0.013696  0.061166  1.000000   \n",
       "TP   -0.135138 -0.035612  0.035516    ...     0.083131 -0.091129 -0.166718   \n",
       "TPA  -0.175234 -0.046167  0.051502    ...    -0.125393 -0.114863 -0.193723   \n",
       "TPP   0.013401 -0.040988 -0.044009    ...     0.233379 -0.003264 -0.115636   \n",
       "TRB   0.127991 -0.054430 -0.032042    ...     0.225517  0.015442  0.127262   \n",
       "Win   0.200944  0.102181  0.003779    ...     0.377449  0.140070 -0.163050   \n",
       "Y    -0.229065 -0.000999  0.028923    ...    -0.269616 -0.101325 -0.224798   \n",
       "Year -0.178342 -0.015968  0.003119    ...    -0.261308 -0.103279 -0.246391   \n",
       "\n",
       "            TP       TPA       TPP       TRB       Win         Y      Year  \n",
       "AST  -0.102623 -0.276748  0.097600  0.185989  0.251406 -0.487318 -0.445081  \n",
       "BLK  -0.153957 -0.188842 -0.031475  0.252737  0.126298 -0.274307 -0.183798  \n",
       "DRB   0.137214  0.123773  0.033176  0.698958  0.381625  0.183821  0.151810  \n",
       "FG   -0.151479 -0.317634  0.084460  0.223357  0.268474 -0.400410 -0.411575  \n",
       "FGA  -0.190765 -0.200009 -0.111257  0.489392 -0.059171 -0.355900 -0.364788  \n",
       "FGP  -0.022831 -0.238170  0.214053 -0.139971  0.415639 -0.211544 -0.214627  \n",
       "FT   -0.141299 -0.181846 -0.011878  0.103799  0.216592 -0.227769 -0.183993  \n",
       "FTA  -0.135138 -0.175234  0.013401  0.127991  0.200944 -0.229065 -0.178342  \n",
       "FTP  -0.035612 -0.046167 -0.040988 -0.054430  0.102181 -0.000999 -0.015968  \n",
       "Game  0.035516  0.051502 -0.044009 -0.032042  0.003779  0.028923  0.003119  \n",
       "Home  0.009303  0.001984 -0.025089  0.216288  0.217595 -0.011806  0.001462  \n",
       "MP    0.067773  0.062245  0.049804  0.056448 -0.044467  0.070542  0.053597  \n",
       "ORB  -0.298058 -0.272697 -0.218105  0.665813 -0.010579 -0.332521 -0.342635  \n",
       "PF   -0.162188 -0.135412 -0.053758 -0.009024 -0.239159 -0.189044 -0.217204  \n",
       "PTS   0.083131 -0.125393  0.233379  0.225517  0.377449 -0.269616 -0.261308  \n",
       "STL  -0.091129 -0.114863 -0.003264  0.015442  0.140070 -0.101325 -0.103279  \n",
       "TOV  -0.166718 -0.193723 -0.115636  0.127262 -0.163050 -0.224798 -0.246391  \n",
       "TP    1.000000  0.882875  0.548870 -0.111041  0.080177  0.695314  0.720865  \n",
       "TPA   0.882875  1.000000  0.249386 -0.102914 -0.083709  0.812877  0.812694  \n",
       "TPP   0.548870  0.249386  1.000000 -0.131664  0.236473  0.185846  0.232614  \n",
       "TRB  -0.111041 -0.102914 -0.131664  1.000000  0.277819 -0.110619 -0.132079  \n",
       "Win   0.080177 -0.083709  0.236473  0.277819  1.000000  0.011026  0.006270  \n",
       "Y     0.695314  0.812877  0.185846 -0.110619  0.011026  1.000000  0.999548  \n",
       "Year  0.720865  0.812694  0.232614 -0.132079  0.006270  0.999548  1.000000  \n",
       "\n",
       "[24 rows x 24 columns]"
      ]
     },
     "execution_count": 4,
     "metadata": {},
     "output_type": "execute_result"
    }
   ],
   "source": [
    "totaldata.corr()"
   ]
  },
  {
   "cell_type": "markdown",
   "metadata": {},
   "source": [
    "## Rebounding numbers\n",
    "#### How has rebounding changed throughout the years. The graphs show the total rebounds gathered from each game. "
   ]
  },
  {
   "cell_type": "code",
   "execution_count": 5,
   "metadata": {},
   "outputs": [
    {
     "data": {
